 	Area	XM	YM	Slice
1	307	399.549	61.546	1
2	355	235.086	76.354	1
3	368	315.995	79.380	1
4	418	215.780	120.328	1
5	391	395.477	122.185	1
6	394	571.591	150.736	1
7	538	682.550	205.110	1
8	605	119.640	231.037	1
9	588	694.531	236.027	1
10	524	791.628	238.088	1
11	302	399.235	61.825	2
12	363	234.880	76.302	2
13	356	315.750	78.803	2
14	405	216.110	120.599	2
15	372	395.083	122.481	2
16	415	570.835	130.652	2
17	521	682.404	204.817	2
18	510	142.880	224.188	2
19	556	694.540	235.347	2
20	560	792.055	238.948	2
21	297	399.274	61.584	3
22	376	234.838	76.660	3
23	365	316.029	79.010	3
24	422	215.912	120.654	3
25	406	570.833	130.485	3
26	527	319.329	196.494	3
27	534	682.345	204.712	3
28	502	142.779	224.373	3
29	585	694.748	235.844	3
30	544	791.741	238.436	3
31	286	399.213	61.531	4
32	360	234.842	76.714	4
33	360	315.786	79.281	4
34	395	215.941	120.341	4
35	307	567.151	123.406	4
36	513	319.200	196.295	4
37	526	682.369	204.804	4
38	451	143.108	223.702	4
39	578	694.540	235.600	4
40	556	792.011	238.469	4
41	288	399.260	61.028	5
42	393	234.821	76.772	5
43	360	315.744	79.253	5
44	417	215.294	120.438	5
45	375	584.249	140.775	5
46	518	319.417	196.475	5
47	531	682.255	204.702	5
48	524	142.853	224.225	5
49	574	694.843	235.791	5
50	547	791.767	238.504	5
51	347	417.272	63.042	6
52	371	234.718	76.584	6
53	350	306.703	76.283	6
54	405	216.095	120.367	6
55	390	563.726	143.672	6
56	516	319.486	196.663	6
57	518	682.378	204.876	6
58	510	142.904	223.853	6
59	594	694.783	235.961	6
60	556	791.888	238.644	6
61	347	417.065	62.765	7
62	363	234.464	76.927	7
63	342	306.658	76.257	7
64	414	215.744	120.551	7
65	381	564.075	143.600	7
66	523	319.429	196.599	7
67	529	682.483	204.785	7
68	504	143.063	224.147	7
69	575	694.644	236.201	7
70	529	792.058	238.721	7
71	331	571.814	56.153	8
72	350	417.489	63.371	8
73	376	234.668	76.684	8
74	337	306.957	76.565	8
75	406	215.911	120.490	8
76	522	319.425	196.594	8
77	522	682.557	204.684	8
78	461	143.094	223.752	8
79	569	694.799	236.047	8
80	537	823.736	246.224	8
81	249	596.078	33.307	9
82	341	417.541	63.265	9
83	376	234.585	76.545	9
84	349	306.732	76.443	9
85	410	215.241	120.629	9
86	519	319.423	196.633	9
87	523	682.498	204.791	9
88	523	142.749	224.135	9
89	579	694.479	236.084	9
90	527	823.955	246.293	9
91	236	596.085	33.466	10
92	349	417.199	63.277	10
93	346	306.919	76.139	10
94	354	234.630	76.949	10
95	358	222.006	111.430	10
96	512	682.373	204.457	10
97	523	319.817	206.219	10
98	577	160.954	230.604	10
99	568	695.032	235.940	10
100	486	823.597	246.379	10
101	257	596.064	33.519	11
102	314	408.452	47.822	11
103	384	239.393	74.763	11
104	362	306.727	76.486	11
105	456	208.303	123.053	11
106	527	682.527	204.929	11
107	574	694.653	235.810	11
108	622	162.236	239.915	11
109	523	823.741	246.204	11
110	586	515.311	258.713	11
111	228	596.241	33.605	12
112	329	408.597	47.847	12
113	367	239.451	74.792	12
114	351	306.771	76.625	12
115	445	207.828	122.626	12
116	535	682.487	204.924	12
117	580	694.429	236.371	12
118	615	162.237	239.946	12
119	533	823.705	246.787	12
120	627	525.953	263.899	12
121	231	596.058	33.214	13
122	310	408.242	47.706	13
123	388	239.186	74.536	13
124	352	306.648	76.790	13
125	433	207.745	122.752	13
126	528	682.542	204.970	13
127	576	694.505	236.193	13
128	621	162.316	240.220	13
129	525	824.060	246.466	13
130	612	524.845	266.085	13
131	244	596.184	34.049	14
132	319	408.409	47.939	14
133	297	249.177	56.460	14
134	352	306.480	76.196	14
135	461	207.877	122.886	14
136	536	682.451	204.944	14
137	583	694.864	236.016	14
138	614	162.480	239.899	14
139	502	823.972	246.582	14
140	584	524.839	266.010	14
141	331	452.878	34.742	15
142	247	595.957	33.779	15
143	322	249.193	56.640	15
144	420	287.843	86.100	15
145	442	207.805	123.416	15
146	514	682.302	204.660	15
147	602	694.563	236.188	15
148	579	162.490	243.982	15
149	528	823.805	246.866	15
150	608	524.895	265.720	15
151	332	452.840	34.497	16
152	233	596.277	33.942	16
153	312	249.090	56.192	16
154	432	287.493	86.065	16
155	457	207.791	123.316	16
156	520	682.673	204.931	16
157	572	694.731	236.014	16
158	490	823.865	245.884	16
159	524	175.618	249.317	16
160	613	524.763	266.025	16
161	344	452.991	34.483	17
162	242	596.165	33.562	17
163	328	249.250	56.552	17
164	424	287.542	85.988	17
165	448	207.766	123.504	17
166	545	682.241	205.142	17
167	586	694.365	236.065	17
168	531	823.724	246.315	17
169	513	175.711	249.315	17
170	605	524.923	266.280	17
171	360	452.803	34.728	18
172	237	596.112	33.673	18
173	295	249.307	56.422	18
174	415	261.086	102.517	18
175	429	208.064	123.258	18
176	527	682.547	204.826	18
177	596	694.711	236.337	18
178	528	824.019	246.542	18
179	627	183.301	253.757	18
180	610	524.775	266.233	18
181	245	595.949	33.239	19
182	338	453.219	34.595	19
183	432	163.940	87.428	19
184	373	261.556	103.020	19
185	479	208.074	123.189	19
186	530	682.406	204.883	19
187	572	694.906	235.899	19
188	493	823.378	246.216	19
189	605	183.512	253.940	19
190	619	524.954	266.065	19
191	253	595.935	34.101	20
192	334	453.093	34.760	20
193	410	164.063	87.380	20
194	425	260.712	102.604	20
195	458	207.959	123.201	20
196	1092	694.175	224.269	20
197	504	823.724	246.032	20
198	640	183.380	253.952	20
199	621	524.969	265.920	20
200	330	453.136	34.836	21
201	239	596.115	33.617	21
202	360	150.811	87.300	21
203	426	260.838	102.528	21
204	401	207.974	123.405	21
205	1093	694.108	224.124	21
206	512	823.902	246.771	21
207	626	183.259	253.586	21
208	585	525.030	266.004	21
209	345	453.010	34.854	22
210	241	596.019	33.662	22
211	354	150.927	86.879	22
212	428	225.857	92.621	22
213	433	260.796	102.609	22
214	1072	694.233	224.193	22
215	526	823.949	246.515	22
216	630	182.938	253.895	22
217	617	524.855	266.085	22
218	235	595.985	33.849	23
219	324	453.040	35.052	23
220	365	150.558	87.152	23
221	426	225.754	92.601	23
222	421	260.716	102.474	23
223	914	696.181	228.612	23
224	504	823.754	246.228	23
225	611	183.236	253.610	23
226	576	524.807	265.932	23
227	237	596.335	34.074	24
228	315	452.640	34.805	24
229	372	150.737	86.901	24
230	412	225.752	92.483	24
231	417	260.740	102.414	24
232	943	696.330	229.031	24
233	516	824.023	246.378	24
234	630	182.913	253.998	24
235	622	520.109	269.804	24
236	231	595.820	33.396	25
237	314	453.194	34.904	25
238	364	150.621	86.849	25
239	420	225.669	92.407	25
240	394	260.744	102.132	25
241	921	696.213	228.941	25
242	530	823.928	246.560	25
243	631	183.212	253.551	25
244	631	520.018	269.649	25
245	238	595.866	33.546	26
246	332	453.139	34.985	26
247	349	150.342	87.182	26
248	420	226.105	92.724	26
249	405	260.994	102.619	26
250	917	696.031	228.967	26
251	506	823.713	246.340	26
252	628	182.893	254.062	26
253	595	520.090	269.636	26
254	244	596.102	33.672	27
255	332	453.500	34.843	27
256	358	150.436	86.592	27
257	414	225.872	92.932	27
258	424	260.837	102.288	27
259	912	696.395	228.701	27
260	615	183.254	254.176	27
261	626	520.013	269.657	27
262	491	841.779	269.826	27
263	331	453.092	34.718	28
264	236	595.932	33.771	28
265	346	150.552	87.289	28
266	425	225.829	92.653	28
267	407	260.704	102.308	28
268	919	696.295	228.710	28
269	634	183.188	253.850	28
270	638	520.067	269.820	28
271	519	841.352	269.866	28
272	247	595.990	33.362	29
273	335	453.258	34.915	29
274	348	150.687	87.279	29
275	428	225.785	92.764	29
276	423	260.658	102.767	29
277	911	697.693	230.008	29
278	643	183.107	253.853	29
279	620	519.963	269.684	29
280	510	841.143	269.751	29
281	329	453.114	34.649	30
282	229	595.954	33.347	30
283	363	150.530	87.343	30
284	428	226.075	92.502	30
285	420	260.900	102.445	30
286	912	697.753	229.856	30
287	643	182.953	253.806	30
288	625	520.063	269.655	30
289	502	841.462	269.795	30
290	300	449.037	32.917	31
291	241	596.180	33.707	31
292	344	150.483	86.779	31
293	432	225.940	92.602	31
294	381	256.353	98.841	31
295	913	697.589	230.401	31
296	622	182.807	253.441	31
297	633	519.879	269.789	31
298	505	841.633	269.910	31
299	244	596.029	33.344	32
300	311	448.751	32.500	32
301	361	150.589	87.010	32
302	414	225.841	92.471	32
303	372	255.944	99.134	32
304	908	697.545	229.847	32
305	608	183.248	253.456	32
306	610	519.985	269.639	32
307	505	841.389	269.583	32
308	320	450.441	29.903	33
309	231	595.833	33.738	33
310	367	150.699	87.056	33
311	402	257.821	89.525	33
312	426	225.566	92.678	33
313	900	697.700	230.249	33
314	627	182.449	253.940	33
315	603	520.085	269.682	33
316	490	841.349	269.339	33
317	311	450.236	29.680	34
318	246	596.016	33.667	34
319	360	150.486	86.825	34
320	407	257.893	89.296	34
321	421	225.866	92.571	34
322	884	697.647	229.443	34
323	615	183.372	253.750	34
324	621	520.031	269.837	34
325	517	841.036	269.835	34
326	319	450.356	29.660	35
327	252	596.250	33.552	35
328	421	258.614	83.742	35
329	349	150.655	86.999	35
330	422	225.851	92.768	35
331	910	697.677	230.023	35
332	621	183.160	253.867	35
333	626	520.203	269.834	35
334	520	841.346	269.906	35
335	330	450.636	29.642	36
336	250	595.896	33.232	36
337	425	258.491	83.585	36
338	376	150.420	87.207	36
339	431	225.887	92.781	36
340	572	74.913	212.521	36
341	912	697.549	229.716	36
342	633	520.167	269.818	36
343	506	841.522	269.702	36
344	310	450.626	29.545	37
345	232	596.103	33.642	37
346	406	258.847	83.635	37
347	361	150.398	86.938	37
348	415	225.924	92.517	37
349	910	697.560	230.046	37
350	556	48.250	228.725	37
351	614	520.024	269.725	37
352	474	841.555	269.713	37
353	318	450.264	30.333	38
354	249	595.970	33.456	38
355	412	258.915	83.721	38
356	370	150.505	86.995	38
357	439	225.819	92.644	38
358	916	697.497	230.168	38
359	577	48.316	228.304	38
360	615	519.811	269.632	38
361	508	841.404	269.799	38
362	305	453.356	28.100	39
363	247	596.038	33.970	39
364	416	258.767	83.661	39
365	365	150.527	87.201	39
366	430	225.695	92.635	39
367	935	697.700	229.824	39
368	535	48.476	228.835	39
369	635	520.150	269.779	39
370	518	841.133	269.944	39
371	298	453.131	27.923	40
372	260	596.242	32.365	40
373	411	258.422	83.288	40
374	344	150.404	86.930	40
375	410	226.368	92.654	40
376	940	697.710	229.798	40
377	575	48.159	228.841	40
378	631	519.998	269.758	40
379	502	841.165	269.701	40
380	287	453.061	27.726	41
381	241	596.255	32.500	41
382	405	258.369	83.680	41
383	356	150.607	87.039	41
384	431	225.962	92.375	41
385	904	697.616	229.858	41
386	553	47.977	228.448	41
387	624	520.003	269.529	41
388	487	841.401	269.831	41
389	325	450.645	25.983	42
390	250	596.364	32.988	42
391	416	258.606	83.683	42
392	336	150.390	86.848	42
393	419	225.586	92.655	42
394	933	698.379	230.115	42
395	579	48.438	228.581	42
396	610	520.169	269.831	42
397	476	841.414	269.532	42
398	319	450.798	23.541	43
399	250	596.596	32.772	43
400	401	258.592	83.727	43
401	348	150.641	86.578	43
402	430	225.753	92.623	43
403	917	698.378	230.154	43
404	559	48.386	228.691	43
405	618	519.979	269.985	43
406	481	841.581	269.835	43
407	298	450.926	23.161	44
408	253	596.512	32.101	44
409	421	258.526	83.859	44
410	371	150.559	86.899	44
411	432	225.900	92.148	44
412	954	698.493	230.132	44
413	546	48.073	229.077	44
414	624	520.014	269.736	44
415	485	841.020	269.679	44
416	310	450.890	23.406	45
417	261	596.473	33.316	45
418	407	258.328	83.355	45
419	348	150.532	86.813	45
420	398	225.794	92.261	45
421	941	698.566	230.455	45
422	571	47.987	228.955	45
423	609	519.878	269.630	45
424	495	841.193	269.528	45
425	284	450.827	22.616	46
426	267	596.320	33.242	46
427	413	258.720	83.631	46
428	372	150.177	86.987	46
429	418	225.995	92.304	46
430	919	698.571	230.179	46
431	585	48.209	229.126	46
432	627	519.953	269.626	46
433	508	841.280	269.539	46
434	303	450.932	23.602	47
435	251	596.074	32.285	47
436	377	253.346	83.192	47
437	367	150.549	86.911	47
438	389	227.168	91.582	47
439	934	698.269	230.611	47
440	562	48.502	228.902	47
441	627	520.117	269.742	47
442	506	841.362	270	47
443	313	450.720	23.190	48
444	252	596.619	32.742	48
445	366	253.814	83.568	48
446	365	150.467	87.067	48
447	390	227.074	91.646	48
448	924	698.573	230.201	48
449	554	48.213	229.108	48
450	628	520.010	269.648	48
451	482	841.515	269.434	48
452	305	450.589	23.451	49
453	255	596.500	32.880	49
454	374	253.695	83.345	49
455	371	150.441	87.255	49
456	405	226.964	91.636	49
457	925	698.700	230.311	49
458	583	47.798	228.936	49
459	622	520.119	269.759	49
460	508	841.764	269.969	49
461	293	450.923	23.108	50
462	273	596.324	32.013	50
463	380	253.284	82.987	50
464	360	150.272	87.006	50
465	409	227.182	91.595	50
466	934	698.516	230.204	50
467	592	48.209	228.970	50
468	622	519.950	269.423	50
469	494	841.417	269.887	50
470	296	450.902	22.997	51
471	251	596.221	31.440	51
472	360	253.278	82.917	51
473	362	150.478	87.033	51
474	398	227.435	91.734	51
475	884	698.528	230.389	51
476	587	48.427	228.880	51
477	610	520.184	269.448	51
478	464	841.440	269.647	51
479	315	450.944	23.237	52
480	249	596.472	32.388	52
481	367	253.418	83.184	52
482	350	150.443	87.049	52
483	379	227.038	91.511	52
484	922	698.683	230.227	52
485	554	47.906	228.731	52
486	610	519.979	269.392	52
487	491	841.698	269.893	52
488	310	450.719	23.542	53
489	253	596.215	32.457	53
490	336	253.765	83.539	53
491	367	150.623	87.023	53
492	365	227.270	91.470	53
493	873	694.097	230.215	53
494	559	48.074	228.375	53
495	610	520.080	269.590	53
496	488	841.455	269.953	53
497	297	450.446	23.039	54
498	240	596.792	32.100	54
499	376	253.556	82.992	54
500	345	150.639	86.975	54
501	398	226.894	91.284	54
502	881	694.014	230.258	54
503	565	47.886	229.020	54
504	622	519.871	269.685	54
505	494	841.698	269.974	54
506	291	451.345	23.266	55
507	198	599.192	30.318	55
508	379	253.416	82.927	55
509	357	150.301	86.769	55
510	395	227.080	91.510	55
511	844	693.945	229.979	55
512	570	48.018	228.730	55
513	608	520.176	269.650	55
514	500	841.242	269.628	55
515	289	451.022	23.334	56
516	287	596.371	32.239	56
517	359	253.152	83.060	56
518	374	150.505	87.029	56
519	389	227.276	91.451	56
520	867	694.088	229.855	56
521	575	48.239	229.072	56
522	614	519.906	269.730	56
523	483	841.442	269.606	56
524	311	451.027	23.066	57
525	272	596.989	31.967	57
526	360	253.683	82.858	57
527	364	150.385	86.701	57
528	390	227.377	91.764	57
529	879	693.852	230.173	57
530	610	44.743	226.698	57
531	625	519.975	269.689	57
532	487	841.868	269.594	57
533	296	450.720	23.122	58
534	270	596.937	32.063	58
535	374	253.404	83.024	58
536	360	150.494	86.992	58
537	391	227.193	92.022	58
538	881	694.170	230.298	58
539	620	44.453	226.695	58
540	627	520.181	269.696	58
541	459	841.587	269.916	58
542	287	450.726	23.333	59
543	308	593.789	26.331	59
544	355	253.680	82.934	59
545	357	150.408	87.408	59
546	340	227.976	92.082	59
547	859	694.091	230.670	59
548	617	44.571	226.771	59
549	597	520.061	269.520	59
550	494	841.318	269.609	59
551	283	451.076	23.345	60
552	301	593.733	26.633	60
553	372	253.454	82.884	60
554	349	150.082	87.102	60
555	340	227.876	91.997	60
556	873	694.017	230.122	60
557	652	44.308	226.686	60
558	627	519.904	269.830	60
559	494	841.413	270.028	60
560	300	451.143	23.530	61
561	295	593.683	26.225	61
562	379	253.640	83.265	61
563	349	150.738	86.752	61
564	340	228.056	92.403	61
565	883	694.058	230.600	61
566	636	44.259	226.555	61
567	612	520.077	269.721	61
568	477	841.529	269.561	61
569	310	451.342	23.152	62
570	295	593.497	26.619	62
571	376	253.609	83.122	62
572	360	150.308	87.167	62
573	351	228.266	92.226	62
574	859	694.047	230.318	62
575	632	44.657	226.818	62
576	620	520.137	269.703	62
577	515	841.651	270.061	62
578	276	451.105	23.623	63
579	288	593.833	26.521	63
580	370	253.535	83.184	63
581	354	150.305	86.918	63
582	336	228.042	92.057	63
583	835	694.060	230.343	63
584	578	44.597	227.202	63
585	624	520.189	269.761	63
586	491	841.557	269.832	63
587	299	451.253	23.781	64
588	294	593.238	26.405	64
589	371	253.570	83.012	64
590	343	150.369	87.334	64
591	346	227.962	92.376	64
592	862	694.176	230.070	64
593	613	44.598	227.208	64
594	619	520.109	269.676	64
595	484	841.657	270.076	64
596	289	450.888	23.043	65
597	310	593.984	26.497	65
598	767	245.636	81.892	65
599	369	150.115	87.332	65
600	857	694.075	230.293	65
601	594	44.643	227.077	65
602	599	520.188	269.610	65
603	511	841.668	270.210	65
604	275	451.085	23.075	66
605	285	594.118	26.360	66
606	755	245.631	82.036	66
607	353	150.398	86.962	66
608	862	694.042	230.466	66
609	595	44.529	226.898	66
610	612	520.087	269.951	66
611	473	841.667	269.604	66
612	301	451.078	23.457	67
613	297	593.749	26.830	67
614	796	245.258	81.999	67
615	373	150.594	86.827	67
616	851	693.874	230.454	67
617	596	45.356	226.993	67
618	604	519.892	269.705	67
619	503	841.830	269.866	67
620	281	451.368	23.059	68
621	295	594.120	26.876	68
622	781	245.876	81.976	68
623	360	150.353	86.925	68
624	852	693.837	230.602	68
625	561	44.439	227.265	68
626	621	520.141	269.756	68
627	482	841.313	269.627	68
628	293	451.353	23.036	69
629	298	593.359	26.930	69
630	795	245.457	81.857	69
631	363	150.552	87.037	69
632	874	693.992	230.439	69
633	615	44.298	226.799	69
634	636	520.002	269.775	69
635	528	841.572	270.119	69
636	302	450.811	23.341	70
637	319	594.196	26.625	70
638	760	251.195	79.738	70
639	387	150.146	87.154	70
640	837	703.195	231.329	70
641	646	44.780	227.150	70
642	630	520	269.746	70
643	512	841.512	269.748	70
644	291	450.692	23.222	71
645	298	593.829	26.621	71
646	754	251.332	79.639	71
647	360	150.394	87.133	71
648	841	703.250	231.599	71
649	616	44.633	226.984	71
650	618	520.049	269.678	71
651	503	841.631	269.838	71
652	299	450.671	23.818	72
653	323	593.512	26.881	72
654	773	251.107	79.745	72
655	359	150.369	86.623	72
656	845	703.221	231.773	72
657	622	44.572	226.780	72
658	621	519.951	269.693	72
659	496	841.607	269.696	72
660	305	451.051	23.484	73
661	248	597.109	26.746	73
662	727	251.224	79.759	73
663	370	150.405	86.865	73
664	852	703.232	231.452	73
665	632	44.668	226.593	73
666	621	520.070	269.766	73
667	518	841.768	269.703	73
668	305	450.743	22.664	74
669	253	597.227	26.998	74
670	773	251.120	79.610	74
671	361	150.187	86.871	74
672	814	703.398	231.806	74
673	646	44.615	226.714	74
674	615	520.212	269.650	74
675	479	841.579	269.592	74
676	294	450.918	23.388	75
677	253	597.287	26.816	75
678	767	251.071	79.827	75
679	363	150.409	87.001	75
680	830	703.030	231.645	75
681	633	44.618	227.073	75
682	615	520.129	269.920	75
683	519	841.654	269.512	75
684	298	450.990	22.785	76
685	242	597.248	26.946	76
686	756	251.332	79.746	76
687	364	150.162	87.033	76
688	864	703.028	231.633	76
689	595	44.534	226.534	76
690	628	520.003	269.841	76
691	306	869.376	292.131	76
692	310	450.555	23.465	77
693	236	597.669	26.792	77
694	745	251.574	79.544	77
695	369	150.262	87.221	77
696	837	703.014	231.095	77
697	633	44.366	227.434	77
698	609	520.167	269.796	77
699	305	869.025	291.736	77
700	285	451.202	22.939	78
701	232	597.065	26.522	78
702	756	251.419	79.860	78
703	357	150.349	87.315	78
704	839	703.105	231.420	78
705	625	44.650	227.207	78
706	621	520.104	269.806	78
707	275	869.169	291.667	78
708	294	451.228	23.031	79
709	235	596.887	26.560	79
710	759	251.545	79.729	79
711	367	150.514	87.026	79
712	847	703.447	231.779	79
713	614	44.741	226.984	79
714	620	520.123	269.610	79
715	283	869.267	291.945	79
716	293	450.981	23.722	80
717	227	596.800	25.786	80
718	744	251.343	79.680	80
719	369	150.134	87.169	80
720	829	703.108	231.501	80
721	595	45.102	226.265	80
722	623	520.168	269.848	80
723	315	869.332	292.087	80
724	296	451.220	23.247	81
725	246	597.163	26.207	81
726	765	251.335	79.642	81
727	359	150.347	86.918	81
728	628	44.541	226.901	81
729	824	703.807	232.252	81
730	620	519.924	269.753	81
731	281	869.123	291.596	81
732	276	451.264	23.163	82
733	236	596.975	26.568	82
734	757	251.561	79.610	82
735	355	150.114	86.852	82
736	843	703.880	232.391	82
737	629	44.490	227.126	82
738	627	519.859	269.747	82
739	273	868.936	292.203	82
740	273	451.115	23.302	83
741	232	596.720	26.470	83
742	770	251.439	79.736	83
743	358	150.372	87.020	83
744	833	703.871	232.773	83
745	618	44.620	226.447	83
746	609	520.070	269.589	83
747	279	869.543	292.418	83
748	299	450.908	23.226	84
749	230	596.857	26.126	84
750	721	251.488	79.374	84
751	351	150.500	86.930	84
752	825	703.619	232.196	84
753	612	45.132	226.783	84
754	609	519.975	269.525	84
755	294	869.452	291.833	84
756	298	451.104	23.752	85
757	217	596.970	25.818	85
758	768	250.898	79.625	85
759	340	150.482	86.756	85
760	824	703.840	232.754	85
761	638	44.361	226.781	85
762	629	520.166	269.802	85
763	274	869.365	292.007	85
764	285	450.949	23.426	86
765	218	597.362	26.440	86
766	752	250.956	79.870	86
767	348	150.397	86.943	86
768	832	703.571	232.285	86
769	650	44.626	226.658	86
770	618	520.167	269.706	86
771	311	868.879	292.172	86
772	279	451.070	23.066	87
773	225	596.984	26.922	87
774	759	250.944	79.885	87
775	355	150.379	86.655	87
776	823	703.721	232.468	87
777	600	44.802	226.555	87
778	540	527.935	270.756	87
779	276	869.246	291.909	87
780	291	450.576	22.861	88
781	225	597.122	26.158	88
782	729	248.687	79.921	88
783	365	150.133	87.136	88
784	826	703.935	232.379	88
785	615	44.624	227.259	88
786	535	528.139	270.784	88
787	299	868.714	291.671	88
788	297	450.409	23.487	89
789	219	597.372	25.285	89
790	758	248.536	79.954	89
791	392	145.997	89.194	89
792	845	703.750	232.144	89
793	635	44.300	226.928	89
794	542	528.037	270.751	89
795	298	869.292	291.946	89
796	294	451.255	23.673	90
797	234	596.974	26.158	90
798	714	249.062	79.647	90
799	436	145.901	88.901	90
800	856	703.918	232.419	90
801	600	44.138	226.635	90
802	533	527.948	270.838	90
803	294	869.201	291.364	90
804	288	451.365	23.385	91
805	232	597.022	26.216	91
806	710	248.542	79.711	91
807	404	146.423	88.876	91
808	636	44.594	226.847	91
809	946	713.189	237.859	91
810	528	528.273	271.153	91
811	281	868.795	291.888	91
812	306	450.856	23.291	92
813	232	597.034	25.931	92
814	730	248.737	79.837	92
815	403	146.185	88.895	92
816	615	44.154	227.025	92
817	915	713.170	237.419	92
818	535	527.992	270.721	92
819	279	869.156	291.511	92
820	299	451.537	23.661	93
821	211	597.296	26.462	93
822	713	248.552	79.952	93
823	419	146.042	89.378	93
824	622	44.862	227.114	93
825	926	713.031	237.491	93
826	525	528.014	270.788	93
827	283	869.521	292.016	93
828	266	451.098	23.466	94
829	227	596.941	26.284	94
830	719	248.738	79.864	94
831	416	146.075	89.471	94
832	581	44.586	227.710	94
833	941	713.047	237.672	94
834	531	528.059	270.822	94
835	294	869.143	292.027	94
836	299	451.115	23.333	95
837	235	597.504	26.028	95
838	754	249.113	79.775	95
839	403	146.192	89.014	95
840	549	28.045	236.755	95
841	1055	719.691	242.721	95
842	527	527.906	271.056	95
843	296	869.686	291.919	95
844	285	451.026	23.398	96
845	162	597.735	24.926	96
846	743	248.863	79.963	96
847	413	146.122	89.067	96
848	504	28.421	236.629	96
849	565	723.550	266.240	96
850	517	527.483	270.693	96
851	585	763.652	271.346	96
852	296	869.017	291.959	96
853	280	450.539	23.046	97
854	225	597.264	26.269	97
855	709	248.944	79.641	97
856	399	146.766	89.417	97
857	528	28.422	236.394	97
858	562	723.632	266.420	97
859	527	528.278	270.695	97
860	568	763.268	270.838	97
861	304	869.405	292.118	97
862	297	450.924	23.500	98
863	230	596.817	26.157	98
864	730	248.860	79.837	98
865	417	145.807	88.860	98
866	550	28.482	236.815	98
867	567	723.525	266.415	98
868	539	528.088	270.730	98
869	572	763.719	271.760	98
870	299	869.711	291.855	98
871	290	450.645	23.431	99
872	242	596.860	26.467	99
873	741	248.516	79.814	99
874	397	146.518	89.049	99
875	556	28.406	237.216	99
876	558	723.421	266.378	99
877	531	527.914	270.730	99
878	603	763.412	271.246	99
879	284	869.229	291.930	99
880	277	451.204	23.561	100
881	232	597.026	26.728	100
882	673	248.901	79.598	100
883	408	146.267	89.375	100
884	516	28.353	236.283	100
885	570	723.604	266.842	100
886	523	528.246	270.794	100
887	579	763.374	271.512	100
888	281	868.657	291.938	100
889	293	451.210	23.101	101
890	245	596.904	26.700	101
891	710	248.699	79.831	101
892	400	146.080	89.108	101
893	472	29.008	235.775	101
894	580	723.417	266.441	101
895	524	528.052	271.118	101
896	604	763.480	271.240	101
897	298	868.681	292.094	101
898	317	450.699	23.585	102
899	231	596.794	26.353	102
900	725	248.512	79.579	102
901	426	146.681	89.110	102
902	516	28.388	236.734	102
903	547	723.637	266.147	102
904	520	527.813	270.944	102
905	598	763.430	271.525	102
906	307	869.050	292.458	102
907	296	451.206	23.348	103
908	227	596.941	26.187	103
909	748	252.322	79.674	103
910	412	130.536	90.221	103
911	475	28.066	236.420	103
912	538	723.717	266.093	103
913	517	528.109	270.757	103
914	597	762.994	271.649	103
915	289	869.420	292.054	103
916	296	450.655	23.486	104
917	239	596.810	26.387	104
918	309	231.979	78.610	104
919	410	130.498	90.122	104
920	510	28.386	236.200	104
921	545	723.406	266.293	104
922	523	528.030	270.840	104
923	584	763.560	271.378	104
924	292	869.007	292.339	104
925	297	451.052	23.423	105
926	237	596.804	26.217	105
927	604	230.952	84.709	105
928	426	130.371	90.343	105
929	453	28.807	235.674	105
930	575	723.643	266.297	105
931	520	527.635	270.612	105
932	600	763.617	271.622	105
933	283	869.274	291.426	105
934	274	450.909	23.299	106
935	242	596.719	26.087	106
936	587	231.008	85.076	106
937	408	130.230	90.078	106
938	462	29.102	237.084	106
939	550	723.269	266.309	106
940	526	527.774	270.968	106
941	595	763.364	271.076	106
942	288	869.181	292.035	106
943	288	451.340	23.715	107
944	238	596.903	26.202	107
945	601	231.139	84.515	107
946	418	130.378	90.122	107
947	536	27.953	237.226	107
948	572	723.465	266.266	107
949	533	527.744	270.761	107
950	585	763.628	271.626	107
951	267	868.923	291.612	107
952	285	450.742	23.279	108
953	231	597.093	26.019	108
954	585	231.150	84.509	108
955	419	130.443	89.894	108
956	431	21.679	234.154	108
957	561	723.857	266.329	108
958	520	527.863	270.627	108
959	594	763.554	271.438	108
960	293	869.520	292.186	108
961	300	450.963	22.873	109
962	240	596.992	26.529	109
963	592	231.184	84.760	109
964	399	130.107	90.350	109
965	475	21.479	234.818	109
966	567	723.759	266.599	109
967	530	527.917	270.834	109
968	593	763.144	271.583	109
969	288	869.337	291.337	109
970	299	451.286	22.741	110
971	227	596.830	26.654	110
972	616	231.227	84.571	110
973	399	130.059	90.264	110
974	494	21.415	233.731	110
975	556	723.174	266.250	110
976	524	527.781	270.534	110
977	581	763.319	271.546	110
978	286	868.916	291.850	110
979	295	450.961	23.344	111
980	199	597.570	25.183	111
981	592	231.166	84.622	111
982	413	130.091	90.485	111
983	468	21.453	234.536	111
984	580	723.588	266.498	111
985	520	528.096	270.800	111
986	593	763.532	271.196	111
987	288	870.458	292.260	111
988	297	451.002	23.268	112
989	220	597.009	26.036	112
990	584	231.045	84.625	112
991	411	130.459	90.164	112
992	377	21.922	233.184	112
993	557	723.538	266.496	112
994	525	528.165	270.900	112
995	596	763.554	271.569	112
996	284	869.243	291.817	112
997	301	450.603	23.154	113
998	230	597.178	26.174	113
999	586	230.753	82.493	113
1000	403	130.205	90.277	113
1001	389	22.713	233.834	113
1002	559	723.482	266.464	113
1003	505	527.817	270.666	113
1004	596	763.857	271.604	113
1005	280	869.082	291.954	113
1006	291	450.624	23.641	114
1007	239	596.680	26.554	114
1008	583	230.895	82.092	114
1009	397	130.565	90.304	114
1010	431	22.465	233.753	114
1011	553	726.442	267.713	114
1012	539	527.788	270.929	114
1013	597	763.250	271.512	114
1014	298	869.010	292.091	114
1015	299	450.791	23.012	115
1016	231	597.292	26.145	115
1017	565	230.666	82.362	115
1018	386	130.541	90.044	115
1019	506	21.603	234.030	115
1020	545	726.388	267.687	115
1021	491	528.355	271.070	115
1022	566	763.345	271.714	115
1023	292	869.274	292.158	115
1024	290	451.217	23.172	116
1025	241	597.102	26.537	116
1026	607	233.465	76.505	116
1027	365	129.785	89.949	116
1028	460	22.104	233.500	116
1029	547	726.540	267.652	116
1030	528	527.848	270.790	116
1031	615	763.181	271.401	116
1032	280	869.293	291.650	116
1033	267	451.324	23.766	117
1034	220	597.055	26.041	117
1035	589	233.400	76.848	117
1036	433	130.234	90.135	117
1037	366	22.626	234.276	117
1038	544	726.722	267.704	117
1039	502	527.902	270.645	117
1040	616	763.740	271.766	117
1041	272	869.474	291.761	117
1042	279	451.303	23.758	118
1043	216	597.440	25.588	118
1044	591	233.339	77.045	118
1045	420	130.493	90.229	118
1046	406	22.116	234.478	118
1047	549	726.363	267.578	118
1048	509	528.097	270.915	118
1049	581	763.491	271.297	118
1050	314	869.169	291.959	118
1051	280	451.154	23.500	119
1052	223	597.182	26.061	119
1053	588	233.048	76.990	119
1054	432	130.329	90.102	119
1055	444	22.403	234.077	119
1056	543	725.890	267.763	119
1057	522	528.220	270.609	119
1058	599	763.478	271.772	119
1059	279	869.636	292.020	119