 	Area	XM	YM	Slice
1	114	231	67	1
2	101	462	102	1
3	122	569	147	1
4	107	117	149	1
5	147	406	149	1
6	150	455	154	1
7	157	685	188	1
8	145	178	190	1
9	127	898	196	1
10	160	446	210	1
11	395	421	235	1
12	180	179	239	1
13	174	578	291	1
14	194	122	337	1
15	272	526	352	1
16	210	801	404	1
17	228	528	405	1
18	280	638	407	1
19	250	473	413	1
20	270	643	473	1
21	279	585	476	1
22	115	231	67	2
23	101	462	102	2
24	123	569	147	2
25	110	117	149	2
26	143	406	149	2
27	150	455	154	2
28	169	686	188	2
29	152	178	190	2
30	133	898	195	2
31	151	446	210	2
32	164	165	232	2
33	174	578	291	2
34	405	229	333	2
35	194	120	339	2
36	260	526	352	2
37	52	206	364	2
38	237	529	405	2
39	210	801	404	2
40	283	638	407	2
41	256	473	413	2
42	272	643	473	2
43	285	585	476	2
44	110	210	36	3
45	100	463	102	3
46	118	569	147	3
47	111	117	149	3
48	144	406	149	3
49	150	455	154	3
50	168	686	188	3
51	135	178	189	3
52	128	898	196	3
53	155	446	210	3
54	166	165	232	3
55	177	578	291	3
56	195	120	339	3
57	266	526	352	3
58	250	488	389	3
59	214	801	404	3
60	234	528	405	3
61	294	638	407	3
62	530	151	442	3
63	268	643	473	3
64	286	585	476	3
65	107	210	36	4
66	109	462	102	4
67	112	119	143	4
68	120	569	147	4
69	145	406	149	4
70	149	455	154	4
71	168	686	188	4
72	145	177	190	4
73	134	898	195	4
74	147	446	210	4
75	164	165	232	4
76	173	578	291	4
77	494	396	344	4
78	257	526	352	4
79	243	488	389	4
80	211	801	404	4
81	235	528	405	4
82	280	638	407	4
83	272	643	473	4
84	205	55	473	4
85	288	585	476	4
86	105	210	36	5
87	101	462	102	5
88	113	119	143	5
89	121	569	147	5
90	139	406	149	5
91	145	455	154	5
92	168	686	188	5
93	144	178	190	5
94	127	898	195	5
95	160	446	210	5
96	166	165	233	5
97	181	578	291	5
98	261	526	352	5
99	238	488	389	5
100	243	528	405	5
101	213	801	404	5
102	283	638	407	5
103	623	444	472	5
104	208	55	473	5
105	269	643	473	5
106	281	585	476	5
107	45	470	521	5
108	106	210	36	6
109	237	300	85	6
110	105	463	105	6
111	105	117	142	6
112	121	569	147	6
113	143	406	149	6
114	151	455	154	6
115	159	685	188	6
116	130	898	196	6
117	156	170	200	6
118	156	446	210	6
119	161	165	232	6
120	174	578	291	6
121	265	526	352	6
122	246	488	389	6
123	214	801	404	6
124	234	528	405	6
125	283	638	407	6
126	202	55	473	6
127	268	643	473	6
128	286	585	476	6
129	107	210	36	7
130	152	439	53	7
131	36	428	60	7
132	100	463	105	7
133	108	117	142	7
134	121	569	147	7
135	139	406	149	7
136	150	455	154	7
137	170	686	188	7
138	132	898	196	7
139	154	170	200	7
140	155	446	210	7
141	167	165	232	7
142	176	578	291	7
143	265	526	352	7
144	246	488	389	7
145	287	638	407	7
146	212	801	404	7
147	232	529	405	7
148	268	643	473	7
149	202	55	473	7
150	284	585	476	7
151	107	210	36	8
152	162	730	58	8
153	107	463	105	8
154	108	117	142	8
155	121	569	147	8
156	144	406	149	8
157	148	455	154	8
158	158	711	173	8
159	130	898	195	8
160	153	170	200	8
161	157	446	210	8
162	164	165	232	8
163	185	578	291	8
164	266	526	352	8
165	251	488	389	8
166	186	813	387	8
167	235	528	405	8
168	275	630	450	8
169	200	55	473	8
170	281	643	474	8
171	283	585	476	8
172	107	210	36	9
173	111	463	105	9
174	112	116	142	9
175	123	569	147	9
176	144	406	149	9
177	149	455	154	9
178	155	711	173	9
179	149	170	200	9
180	156	446	210	9
181	165	165	232	9
182	139	947	289	9
183	179	578	291	9
184	268	526	352	9
185	463	713	369	9
186	244	488	389	9
187	185	813	387	9
188	235	529	404	9
189	281	630	450	9
190	202	55	473	9
191	277	643	474	9
192	285	585	476	9
193	110	211	36	10
194	115	463	105	10
195	107	117	142	10
196	126	580	143	10
197	222	536	146	10
198	56	521	150	10
199	145	406	149	10
200	151	455	154	10
201	153	711	173	10
202	145	170	200	10
203	150	439	207	10
204	166	165	232	10
205	132	947	288	10
206	181	578	291	10
207	262	526	352	10
208	194	803	368	10
209	248	488	389	10
210	232	528	405	10
211	277	630	450	10
212	207	55	473	10
213	279	643	474	10
214	288	585	476	10
215	101	210	36	11
216	111	463	105	11
217	89	952	135	11
218	111	117	142	11
219	137	406	149	11
220	150	455	154	11
221	151	711	173	11
222	149	170	200	11
223	162	438	207	11
224	169	165	232	11
225	132	947	288	11
226	180	578	291	11
227	264	526	352	11
228	165	790	383	11
229	245	488	389	11
230	234	528	405	11
231	275	630	450	11
232	569	773	472	11
233	204	55	473	11
234	279	643	474	11
235	289	585	476	11
236	90	791	517	11
237	106	210	36	12
238	109	463	105	12
239	89	952	135	12
240	113	117	142	12
241	138	406	149	12
242	151	455	154	12
243	159	711	173	12
244	156	170	200	12
245	150	439	207	12
246	163	165	232	12
247	136	947	288	12
248	176	578	291	12
249	259	526	352	12
250	371	915	371	12
251	205	785	365	12
252	239	488	389	12
253	240	529	404	12
254	278	630	450	12
255	206	55	473	12
256	275	643	474	12
257	286	585	476	12
258	105	210	36	13
259	108	463	105	13
260	92	953	135	13
261	103	117	142	13
262	143	406	149	13
263	150	455	154	13
264	154	711	173	13
265	149	170	200	13
266	154	439	207	13
267	170	165	233	13
268	137	947	288	13
269	180	578	291	13
270	221	772	351	13
271	265	526	352	13
272	246	488	389	13
273	234	529	404	13
274	487	815	437	13
275	63	780	446	13
276	274	630	449	13
277	203	55	473	13
278	274	643	474	13
279	283	585	476	13
280	40	804	481	13
281	105	211	36	14
282	115	463	105	14
283	94	953	135	14
284	109	117	142	14
285	138	406	149	14
286	152	455	154	14
287	158	711	173	14
288	145	170	200	14
289	156	433	209	14
290	159	418	227	14
291	168	165	232	14
292	139	947	288	14
293	219	773	342	14
294	262	527	357	14
295	348	70	375	14
296	240	488	389	14
297	236	528	405	14
298	271	630	449	14
299	202	56	473	14
300	282	643	474	14
301	281	585	476	14
302	107	210	36	15
303	116	463	105	15
304	91	952	135	15
305	110	117	142	15
306	145	406	149	15
307	148	455	154	15
308	156	711	173	15
309	147	170	200	15
310	155	433	209	15
311	163	158	226	15
312	155	418	227	15
313	136	947	288	15
314	343	144	310	15
315	219	773	343	15
316	255	527	357	15
317	246	488	389	15
318	235	528	405	15
319	273	630	450	15
320	202	55	473	15
321	279	643	474	15
322	288	585	476	15
323	106	210	36	16
324	113	241	62	16
325	106	463	105	16
326	97	953	135	16
327	109	117	142	16
328	151	454	154	16
329	157	711	173	16
330	166	390	185	16
331	146	170	200	16
332	162	433	209	16
333	167	158	226	16
334	160	418	227	16
335	137	947	288	16
336	220	773	342	16
337	262	527	357	16
338	248	488	389	16
339	236	528	405	16
340	277	630	449	16
341	202	55	473	16
342	279	643	474	16
343	286	585	476	16
344	95	206	27	17
345	113	463	104	17
346	269	580	127	17
347	86	952	135	17
348	111	117	142	17
349	149	455	154	17
350	158	711	173	17
351	166	390	185	17
352	147	170	200	17
353	151	433	209	17
354	166	158	226	17
355	159	418	227	17
356	135	947	288	17
357	216	773	342	17
358	258	527	357	17
359	244	488	389	17
360	233	528	405	17
361	273	630	450	17
362	210	54	472	17
363	280	643	474	17
364	283	585	476	17
365	93	206	27	18
366	114	463	105	18
367	92	953	135	18
368	110	116	142	18
369	148	455	154	18
370	157	710	174	18
371	165	391	185	18
372	146	170	200	18
373	151	433	209	18
374	162	158	226	18
375	163	418	227	18
376	129	960	293	18
377	379	893	341	18
378	214	773	342	18
379	260	527	357	18
380	249	488	389	18
381	233	528	405	18
382	269	630	450	18
383	209	54	472	18
384	274	643	474	18
385	283	585	476	18
386	98	206	27	19
387	110	463	105	19
388	95	952	133	19
389	112	117	142	19
390	148	455	154	19
391	349	580	175	19
392	151	710	174	19
393	161	391	185	19
394	149	170	200	19
395	161	434	209	19
396	166	158	226	19
397	161	418	227	19
398	131	960	293	19
399	195	781	331	19
400	262	527	357	19
401	245	488	389	19
402	230	528	405	19
403	269	630	449	19
404	204	54	472	19
405	279	643	474	19
406	288	585	476	19
407	97	206	27	20
408	143	663	46	20
409	108	463	105	20
410	93	952	133	20
411	107	117	142	20
412	147	455	154	20
413	156	710	174	20
414	163	390	185	20
415	151	170	200	20
416	159	433	209	20
417	163	158	226	20
418	157	418	227	20
419	133	960	293	20
420	200	781	331	20
421	257	527	357	20
422	240	488	389	20
423	235	528	405	20
424	267	630	450	20
425	206	54	471	20
426	281	643	474	20
427	283	585	476	20
428	98	206	27	21
429	103	463	105	21
430	89	952	133	21
431	105	117	142	21
432	149	455	154	21
433	153	710	174	21
434	163	391	185	21
435	143	170	200	21
436	151	433	209	21
437	164	158	226	21
438	163	418	227	21
439	130	960	293	21
440	200	781	331	21
441	260	527	357	21
442	247	935	375	21
443	245	488	389	21
444	233	529	405	21
445	271	630	449	21
446	211	54	471	21
447	285	643	474	21
448	288	585	476	21
449	87	206	26	22
450	107	463	105	22
451	90	952	133	22
452	110	117	142	22
453	147	455	154	22
454	154	710	174	22
455	163	391	185	22
456	146	170	200	22
457	152	433	209	22
458	160	158	226	22
459	160	418	227	22
460	374	870	281	22
461	122	970	289	22
462	199	780	331	22
463	259	527	357	22
464	243	488	389	22
465	231	528	405	22
466	268	630	450	22
467	212	54	471	22
468	281	643	474	22
469	293	585	476	22
470	88	206	27	23
471	109	463	105	23
472	91	952	133	23
473	109	117	142	23
474	149	455	154	23
475	272	660	162	23
476	153	710	174	23
477	43	628	177	23
478	157	390	185	23
479	152	170	200	23
480	149	433	209	23
481	165	158	226	23
482	162	418	227	23
483	123	970	289	23
484	196	780	331	23
485	253	527	357	23
486	246	488	389	23
487	225	528	405	23
488	268	630	449	23
489	210	54	471	23
490	276	643	474	23
491	282	585	476	23
492	95	206	27	24
493	97	463	105	24
494	92	952	133	24
495	105	117	142	24
496	148	455	154	24
497	161	391	185	24
498	152	727	187	24
499	151	170	200	24
500	150	433	209	24
501	162	158	226	24
502	158	418	227	24
503	132	970	289	24
504	199	780	331	24
505	265	527	357	24
506	249	488	389	24
507	233	529	405	24
508	451	878	419	24
509	276	630	449	24
510	210	54	472	24
511	284	643	474	24
512	283	585	476	24
513	87	206	27	25
514	113	463	105	25
515	92	952	133	25
516	107	117	142	25
517	148	455	154	25
518	168	391	185	25
519	158	727	188	25
520	153	170	200	25
521	160	434	209	25
522	161	158	226	25
523	156	418	227	25
524	127	970	289	25
525	205	780	331	25
526	253	527	357	25
527	422	731	390	25
528	244	488	389	25
529	234	528	405	25
530	272	630	450	25
531	210	54	472	25
532	276	643	474	25
533	283	585	476	25
534	96	206	27	26
535	108	463	105	26
536	86	952	133	26
537	100	117	142	26
538	151	455	154	26
539	163	391	185	26
540	155	170	200	26
541	154	433	209	26
542	161	158	226	26
543	161	418	227	26
544	176	746	245	26
545	342	864	293	26
546	127	969	289	26
547	204	780	331	26
548	266	527	357	26
549	244	488	389	26
550	228	529	405	26
551	275	630	450	26
552	205	54	472	26
553	274	643	474	26
554	283	585	476	26
555	101	206	27	27
556	112	463	105	27
557	249	728	119	27
558	94	952	133	27
559	109	117	142	27
560	148	455	154	27
561	165	391	185	27
562	149	170	200	27
563	153	433	209	27
564	164	158	226	27
565	159	418	227	27
566	178	746	245	27
567	127	969	289	27
568	202	780	331	27
569	255	527	357	27
570	248	488	389	27
571	228	529	405	27
572	273	630	450	27
573	207	54	472	27
574	280	643	474	27
575	283	585	476	27
576	101	206	27	28
577	110	463	105	28
578	95	952	133	28
579	110	117	142	28
580	151	455	154	28
581	159	391	185	28
582	151	170	200	28
583	153	433	209	28
584	165	158	226	28
585	160	418	227	28
586	178	746	245	28
587	121	969	289	28
588	198	780	331	28
589	267	527	357	28
590	245	488	389	28
591	224	529	405	28
592	276	630	450	28
593	205	54	472	28
594	278	643	474	28
595	284	585	476	28
596	95	206	27	29
597	89	952	133	29
598	108	470	137	29
599	110	117	142	29
600	153	454	155	29
601	163	896	180	29
602	163	390	185	29
603	155	170	200	29
604	161	433	209	29
605	167	158	226	29
606	163	418	227	29
607	182	746	245	29
608	114	969	289	29
609	198	780	331	29
610	256	527	357	29
611	249	488	389	29
612	231	529	405	29
613	209	54	472	29
614	285	584	477	29
615	289	606	478	29
616	248	633	511	29
617	99	206	27	30
618	178	436	81	30
619	62	422	85	30
620	87	952	133	30
621	114	470	137	30
622	105	117	142	30
623	155	455	155	30
624	163	390	185	30
625	148	170	200	30
626	160	434	209	30
627	167	158	226	30
628	160	418	227	30
629	186	746	245	30
630	132	969	289	30
631	198	780	331	30
632	255	527	357	30
633	244	488	389	30
634	229	529	405	30
635	207	54	472	30
636	289	583	477	30
637	288	606	478	30
638	253	633	511	30
639	97	206	27	31
640	93	952	133	31
641	113	470	137	31
642	105	117	142	31
643	148	454	155	31
644	161	391	185	31
645	154	170	200	31
646	154	433	209	31
647	163	158	226	31
648	156	418	227	31
649	176	746	245	31
650	127	969	289	31
651	199	780	331	31
652	256	527	357	31
653	248	488	389	31
654	227	529	405	31
655	590	711	430	31
656	43	696	464	31
657	210	54	472	31
658	291	583	477	31
659	292	606	478	31
660	57	718	490	31
661	247	633	511	31
662	100	206	27	32
663	172	814	126	32
664	95	952	133	32
665	111	470	137	32
666	106	117	142	32
667	157	455	155	32
668	162	390	185	32
669	144	170	200	32
670	148	433	209	32
671	167	158	226	32
672	162	418	227	32
673	181	746	245	32
674	122	969	289	32
675	207	780	331	32
676	258	527	357	32
677	245	488	389	32
678	227	528	405	32
679	212	54	472	32
680	287	583	477	32
681	289	606	478	32
682	249	633	511	32
683	94	205	27	33
684	91	952	133	33
685	113	470	137	33
686	107	117	142	33
687	157	455	155	33
688	166	391	185	33
689	153	170	200	33
690	146	433	209	33
691	162	158	226	33
692	161	418	227	33
693	178	746	245	33
694	125	969	289	33
695	203	780	331	33
696	255	527	357	33
697	248	488	389	33
698	229	529	405	33
699	495	787	433	33
700	207	54	472	33
701	290	583	477	33
702	293	606	478	33
703	247	633	511	33
704	98	206	27	34
705	91	952	133	34
706	113	470	137	34
707	105	117	142	34
708	151	454	155	34
709	164	390	185	34
710	146	170	200	34
711	155	433	209	34
712	163	158	226	34
713	157	418	227	34
714	185	733	257	34
715	126	969	289	34
716	198	787	326	34
717	261	527	357	34
718	244	488	389	34
719	239	528	405	34
720	206	54	472	34
721	292	584	477	34
722	290	606	478	34
723	249	633	511	34
724	93	206	27	35
725	104	952	133	35
726	113	470	137	35
727	109	117	142	35
728	146	454	155	35
729	162	391	185	35
730	148	170	200	35
731	152	433	209	35
732	163	158	226	35
733	164	418	227	35
734	184	733	257	35
735	125	969	288	35
736	198	787	326	35
737	480	305	333	35
738	258	527	357	35
739	37	284	376	35
740	244	488	389	35
741	231	528	405	35
742	209	54	472	35
743	291	583	477	35
744	291	606	478	35
745	253	633	511	35
746	97	206	27	36
747	240	862	127	36
748	91	952	133	36
749	109	470	137	36
750	108	117	142	36
751	155	455	155	36
752	162	391	185	36
753	154	170	200	36
754	150	433	209	36
755	161	158	226	36
756	161	419	227	36
757	185	733	257	36
758	123	970	289	36
759	200	787	326	36
760	264	527	357	36
761	247	488	389	36
762	234	528	405	36
763	210	54	472	36
764	289	583	477	36
765	288	606	478	36
766	250	633	511	36
767	96	205	27	37
768	98	952	133	37
769	115	470	137	37
770	104	117	142	37
771	289	673	151	37
772	153	455	155	37
773	165	391	185	37
774	148	170	200	37
775	155	433	209	37
776	162	158	226	37
777	161	418	227	37
778	122	970	289	37
779	210	602	309	37
780	200	787	326	37
781	256	527	357	37
782	246	488	389	37
783	233	528	405	37
784	208	54	472	37
785	285	583	477	37
786	292	606	478	37
787	250	633	511	37
788	95	206	27	38
789	202	602	87	38
790	90	952	133	38
791	110	470	137	38
792	106	117	142	38
793	149	454	155	38
794	167	390	185	38
795	151	170	200	38
796	153	433	209	38
797	163	158	226	38
798	157	418	227	38
799	122	969	289	38
800	202	591	293	38
801	192	787	326	38
802	252	527	357	38
803	243	488	389	38
804	231	528	405	38
805	209	54	471	38
806	288	584	477	38
807	286	606	478	38
808	246	633	511	38
809	91	206	27	39
810	160	825	99	39
811	91	952	134	39
812	113	470	137	39
813	102	117	142	39
814	147	454	155	39
815	165	391	185	39
816	147	170	200	39
817	149	433	209	39
818	163	158	226	39
819	158	418	227	39
820	120	970	288	39
821	206	591	293	39
822	197	828	326	39
823	258	527	357	39
824	242	488	389	39
825	233	528	405	39
826	208	54	472	39
827	287	584	477	39
828	292	606	478	39
829	243	633	511	39
830	98	206	27	40
831	218	468	66	40
832	90	952	134	40
833	112	470	137	40
834	109	117	142	40
835	156	454	155	40
836	161	391	185	40
837	144	170	200	40
838	155	433	209	40
839	167	158	226	40
840	155	418	227	40
841	126	969	289	40
842	204	591	293	40
843	195	810	313	40
844	257	527	357	40
845	241	488	389	40
846	232	529	405	40
847	210	54	472	40
848	292	583	477	40
849	291	606	478	40
850	244	633	511	40
851	94	205	27	41
852	93	952	133	41
853	111	470	137	41
854	105	117	142	41
855	155	454	155	41
856	164	391	185	41
857	344	271	195	41
858	150	170	200	41
859	157	433	209	41
860	164	158	226	41
861	159	418	227	41
862	128	970	289	41
863	201	591	293	41
864	191	810	313	41
865	254	527	357	41
866	242	488	389	41
867	235	528	405	41
868	207	54	472	41
869	290	583	477	41
870	291	606	478	41
871	248	633	511	41
872	99	206	27	42
873	239	474	75	42
874	95	952	134	42
875	112	470	137	42
876	105	117	142	42
877	148	454	155	42
878	161	390	185	42
879	153	170	200	42
880	146	433	209	42
881	167	158	226	42
882	157	418	227	42
883	124	970	289	42
884	205	591	293	42
885	197	810	313	42
886	263	527	357	42
887	243	488	389	42
888	240	528	404	42
889	207	54	472	42
890	289	583	477	42
891	289	606	478	42
892	249	633	511	42
893	88	206	27	43
894	83	877	59	43
895	93	952	133	43
896	116	470	137	43
897	110	117	142	43
898	156	455	155	43
899	162	390	185	43
900	149	170	200	43
901	162	433	209	43
902	164	158	226	43
903	160	418	227	43
904	128	970	289	43
905	206	591	293	43
906	198	822	326	43
907	255	527	357	43
908	242	488	389	43
909	232	529	405	43
910	206	54	472	43
911	289	583	477	43
912	289	606	478	43
913	249	633	511	43
914	98	206	27	44
915	90	953	134	44
916	109	470	137	44
917	105	117	142	44
918	156	455	155	44
919	166	390	185	44
920	145	170	200	44
921	154	433	209	44
922	166	158	226	44
923	159	418	227	44
924	196	588	276	44
925	130	970	289	44
926	456	353	303	44
927	199	822	326	44
928	262	527	357	44
929	243	504	383	44
930	230	529	405	44
931	203	54	472	44
932	288	583	477	44
933	292	606	478	44
934	251	633	511	44
935	97	205	27	45
936	88	952	133	45
937	108	470	137	45
938	113	117	142	45
939	151	454	155	45
940	163	391	185	45
941	152	170	200	45
942	154	434	209	45
943	169	158	226	45
944	156	418	227	45
945	200	588	276	45
946	123	970	288	45
947	195	822	326	45
948	260	527	357	45
949	241	504	383	45
950	228	528	405	45
951	209	54	472	45
952	287	583	477	45
953	287	606	478	45
954	250	633	511	45
955	90	206	27	46
956	80	126	64	46
957	94	952	134	46
958	113	470	137	46
959	159	454	154	46
960	165	391	185	46
961	155	170	200	46
962	142	433	209	46
963	164	158	226	46
964	158	418	227	46
965	194	588	276	46
966	127	970	289	46
967	202	822	327	46
968	264	527	357	46
969	244	504	383	46
970	406	163	393	46
971	235	529	404	46
972	210	54	472	46
973	289	584	477	46
974	288	606	478	46
975	252	633	511	46
976	90	206	27	47
977	79	126	64	47
978	153	300	69	47
979	38	283	68	47
980	88	952	133	47
981	113	470	136	47
982	153	454	155	47
983	165	391	185	47
984	148	170	200	47
985	148	433	209	47
986	161	158	226	47
987	159	418	227	47
988	197	588	276	47
989	125	969	289	47
990	202	822	327	47
991	252	527	357	47
992	238	504	383	47
993	225	529	405	47
994	207	53	471	47
995	288	583	477	47
996	294	606	478	47
997	248	633	511	47
998	98	205	27	48
999	87	126	64	48
1000	91	952	133	48
1001	111	470	137	48
1002	154	454	155	48
1003	164	391	185	48
1004	148	170	200	48
1005	153	433	209	48
1006	164	158	226	48
1007	162	418	227	48
1008	124	969	289	48
1009	197	822	326	48
1010	219	605	327	48
1011	258	527	357	48
1012	243	504	383	48
1013	230	528	405	48
1014	475	115	450	48
1015	208	53	471	48
1016	288	583	477	48
1017	294	606	478	48
1018	249	633	511	48
1019	98	206	27	49
1020	81	126	64	49
1021	94	952	133	49
1022	106	469	137	49
1023	158	454	155	49
1024	160	390	185	49
1025	153	170	200	49
1026	156	433	209	49
1027	164	158	226	49
1028	160	418	227	49
1029	131	969	289	49
1030	472	608	330	49
1031	201	822	327	49
1032	254	527	357	49
1033	239	504	383	49
1034	262	617	401	49
1035	234	529	405	49
1036	290	583	477	49
1037	285	606	478	49
1038	200	28	492	49
1039	251	633	511	49
1040	99	206	27	50
1041	82	126	64	50
1042	93	952	133	50
1043	111	470	137	50
1044	156	455	155	50
1045	161	391	185	50
1046	148	170	200	50
1047	162	433	209	50
1048	166	158	226	50
1049	166	418	226	50
1050	127	970	288	50
1051	427	163	326	50
1052	197	822	327	50
1053	264	527	357	50
1054	245	504	383	50
1055	227	528	405	50
1056	261	620	418	50
1057	288	583	477	50
1058	290	606	478	50
1059	201	28	492	50
1060	251	633	511	50
1061	96	205	27	51
1062	82	126	64	51
1063	95	952	134	51
1064	114	470	137	51
1065	153	454	155	51
1066	168	391	185	51
1067	145	170	201	51
1068	156	433	209	51
1069	164	158	226	51
1070	167	418	226	51
1071	124	970	289	51
1072	202	822	327	51
1073	263	527	357	51
1074	239	504	383	51
1075	228	529	405	51
1076	259	620	418	51
1077	290	583	477	51
1078	287	606	478	51
1079	200	28	492	51
1080	420	95	498	51
1081	246	633	511	51
1082	95	206	27	52
1083	81	126	64	52
1084	89	952	133	52
1085	119	470	137	52
1086	152	455	155	52
1087	163	391	185	52
1088	140	171	201	52
1089	156	435	202	52
1090	154	410	211	52
1091	163	158	226	52
1092	112	969	289	52
1093	195	822	327	52
1094	257	527	357	52
1095	437	308	369	52
1096	236	504	383	52
1097	228	529	405	52
1098	256	620	418	52
1099	51	287	414	52
1100	286	583	477	52
1101	284	606	478	52
1102	202	28	492	52
1103	250	633	511	52
1104	95	205	27	53
1105	71	122	31	53
1106	99	953	134	53
1107	117	470	137	53
1108	153	454	155	53
1109	272	250	177	53
1110	158	391	186	53
1111	148	170	201	53
1112	155	435	202	53
1113	159	410	211	53
1114	164	158	226	53
1115	129	970	289	53
1116	200	822	327	53
1117	257	527	357	53
1118	240	504	383	53
1119	214	525	400	53
1120	253	620	418	53
1121	289	583	477	53
1122	292	606	478	53
1123	201	28	492	53
1124	248	633	511	53
1125	106	196	26	54
1126	73	122	31	54
1127	163	439	53	54
1128	40	423	56	54
1129	93	952	134	54
1130	113	470	137	54
1131	156	454	155	54
1132	158	391	186	54
1133	150	171	201	54
1134	147	435	202	54
1135	154	410	211	54
1136	165	158	226	54
1137	118	969	289	54
1138	194	822	326	54
1139	258	527	357	54
1140	237	504	383	54
1141	212	525	400	54
1142	256	620	418	54
1143	287	583	477	54
1144	288	606	478	54
1145	201	28	492	54
1146	253	633	511	54
1147	100	196	26	55
1148	71	122	31	55
1149	90	952	134	55
1150	111	470	137	55
1151	156	455	155	55
1152	166	391	186	55
1153	148	170	201	55
1154	151	435	202	55
1155	155	410	211	55
1156	164	158	226	55
1157	365	852	259	55
1158	128	970	289	55
1159	196	822	327	55
1160	257	527	357	55
1161	236	504	383	55
1162	218	525	400	55
1163	253	620	418	55
1164	288	583	477	55
1165	290	606	478	55
1166	203	28	492	55
1167	250	633	511	55
1168	104	196	26	56
1169	77	122	31	56
1170	40	138	100	56
1171	65	156	102	56
1172	44	148	108	56
1173	93	952	134	56
1174	111	470	137	56
1175	156	455	155	56
1176	158	391	186	56
1177	151	171	201	56
1178	157	435	202	56
1179	156	410	211	56
1180	166	158	226	56
1181	128	973	291	56
1182	197	822	326	56
1183	258	527	357	56
1184	237	504	383	56
1185	218	525	400	56
1186	251	620	418	56
1187	289	583	477	56
1188	288	606	478	56
1189	202	28	492	56
1190	248	633	511	56
1191	102	196	26	57
1192	71	121	29	57
1193	93	952	133	57
1194	112	470	137	57
1195	151	454	155	57
1196	160	391	186	57
1197	152	171	201	57
1198	154	435	202	57
1199	155	410	211	57
1200	163	158	226	57
1201	124	973	291	57
1202	198	822	327	57
1203	256	527	357	57
1204	474	754	368	57
1205	247	504	383	57
1206	211	525	401	57
1207	254	620	418	57
1208	288	584	477	57
1209	284	606	478	57
1210	202	28	492	57
1211	245	633	511	57
1212	98	196	26	58
1213	71	121	29	58
1214	90	953	134	58
1215	117	470	136	58
1216	152	454	155	58
1217	155	391	186	58
1218	148	171	201	58
1219	154	435	202	58
1220	150	410	211	58
1221	163	158	226	58
1222	413	433	246	58
1223	133	973	291	58
1224	198	785	329	58
1225	254	527	357	58
1226	237	504	383	58
1227	213	525	400	58
1228	251	620	418	58
1229	293	583	477	58
1230	292	606	478	58
1231	200	28	492	58
1232	254	633	511	58
1233	100	196	26	59
1234	67	121	29	59
1235	97	953	133	59
1236	112	470	137	59
1237	149	454	154	59
1238	156	391	186	59
1239	201	922	196	59
1240	144	170	201	59
1241	157	435	202	59
1242	156	410	211	59
1243	168	158	226	59
1244	131	973	290	59
1245	206	785	329	59
1246	260	527	357	59
1247	246	504	383	59
1248	218	525	400	59
1249	249	620	418	59
1250	293	583	477	59
1251	289	606	478	59
1252	201	28	492	59
1253	252	633	511	59
1254	101	196	26	60
1255	68	121	29	60
1256	94	952	134	60
1257	105	470	137	60
1258	151	454	155	60
1259	161	391	186	60
1260	142	171	201	60
1261	154	435	202	60
1262	149	410	211	60
1263	166	158	226	60
1264	374	591	235	60
1265	136	973	291	60
1266	199	785	329	60
1267	261	527	357	60
1268	237	504	383	60
1269	213	525	400	60
1270	249	620	418	60
1271	287	584	477	60
1272	292	606	478	60
1273	193	28	492	60
1274	246	633	511	60
1275	102	196	26	61
1276	72	121	29	61
1277	94	952	133	61
1278	106	470	137	61
1279	154	455	155	61
1280	161	391	186	61
1281	148	170	201	61
1282	154	435	202	61
1283	156	410	211	61
1284	165	158	226	61
1285	133	973	291	61
1286	197	785	329	61
1287	251	527	357	61
1288	234	504	383	61
1289	216	525	400	61
1290	518	761	422	61
1291	249	620	418	61
1292	289	583	477	61
1293	285	606	478	61
1294	203	28	492	61
1295	250	633	511	61
1296	102	196	26	62
1297	69	121	29	62
1298	132	845	89	62
1299	90	952	134	62
1300	112	470	137	62
1301	154	454	155	62
1302	163	391	186	62
1303	151	171	201	62
1304	152	435	202	62
1305	154	410	211	62
1306	164	158	226	62
1307	137	973	291	62
1308	194	781	327	62
1309	256	527	357	62
1310	241	504	383	62
1311	219	525	400	62
1312	252	620	418	62
1313	290	583	477	62
1314	284	606	478	62
1315	201	28	492	62
1316	246	633	511	62
1317	98	196	26	63
1318	71	121	29	63
1319	86	952	134	63
1320	108	470	137	63
1321	277	337	145	63
1322	157	454	155	63
1323	159	391	186	63
1324	145	170	201	63
1325	154	435	202	63
1326	161	410	211	63
1327	163	158	226	63
1328	133	973	291	63
1329	189	781	327	63
1330	254	527	357	63
1331	241	504	383	63
1332	219	525	400	63
1333	253	620	418	63
1334	289	583	477	63
1335	291	606	478	63
1336	201	28	492	63
1337	249	633	511	63
1338	99	196	26	64
1339	73	121	29	64
1340	34	594	44	64
1341	153	610	45	64
1342	92	952	134	64
1343	110	470	137	64
1344	154	455	155	64
1345	162	391	186	64
1346	152	170	201	64
1347	156	435	202	64
1348	155	410	211	64
1349	164	158	226	64
1350	135	973	291	64
1351	197	781	327	64
1352	259	527	357	64
1353	242	504	383	64
1354	214	525	400	64
1355	247	620	418	64
1356	289	584	477	64
1357	289	606	478	64
1358	200	28	492	64
1359	250	633	511	64
1360	101	196	26	65
1361	69	121	29	65
1362	93	952	134	65
1363	111	470	137	65
1364	156	455	155	65
1365	158	391	186	65
1366	150	170	201	65
1367	157	435	202	65
1368	156	410	211	65
1369	160	158	226	65
1370	129	973	291	65
1371	197	781	327	65
1372	256	527	357	65
1373	242	504	383	65
1374	219	525	400	65
1375	253	620	418	65
1376	576	441	479	65
1377	290	584	477	65
1378	287	606	478	65
1379	198	28	492	65
1380	82	411	506	65
1381	253	633	511	65
1382	100	196	26	66
1383	74	121	29	66
1384	95	952	134	66
1385	113	470	137	66
1386	157	454	155	66
1387	157	391	186	66
1388	150	171	201	66
1389	155	435	202	66
1390	156	410	211	66
1391	165	158	226	66
1392	132	973	291	66
1393	471	280	308	66
1394	195	781	327	66
1395	45	317	336	66
1396	33	284	348	66
1397	262	527	357	66
1398	239	504	383	66
1399	215	525	400	66
1400	257	620	418	66
1401	291	583	477	66
1402	292	606	478	66
1403	203	28	492	66
1404	246	633	511	66
1405	95	196	26	67
1406	73	121	29	67
1407	90	952	134	67
1408	109	470	137	67
1409	155	454	155	67
1410	159	391	186	67
1411	149	171	201	67
1412	154	435	202	67
1413	157	410	211	67
1414	162	158	226	67
1415	366	788	243	67
1416	136	973	291	67
1417	196	781	327	67
1418	201	523	381	67
1419	244	499	387	67
1420	237	519	405	67
1421	255	620	418	67
1422	290	583	477	67
1423	288	606	478	67
1424	205	28	492	67
1425	251	633	511	67
1426	102	196	26	68
1427	70	121	29	68
1428	96	953	133	68
1429	110	470	137	68
1430	156	455	155	68
1431	159	391	186	68
1432	150	171	201	68
1433	154	435	202	68
1434	157	410	211	68
1435	166	158	226	68
1436	126	973	290	68
1437	444	516	303	68
1438	199	781	327	68
1439	198	523	381	68
1440	242	499	387	68
1441	226	519	405	68
1442	254	620	418	68
1443	291	583	477	68
1444	286	606	478	68
1445	204	28	492	68
1446	254	633	511	68
1447	102	196	26	69
1448	72	121	29	69
1449	87	952	134	69
1450	112	469	137	69
1451	150	453	155	69
1452	159	391	186	69
1453	148	170	201	69
1454	153	435	202	69
1455	154	410	211	69
1456	167	158	226	69
1457	135	973	291	69
1458	195	781	327	69
1459	504	696	343	69
1460	48	661	366	69
1461	198	524	382	69
1462	239	499	387	69
1463	233	519	405	69
1464	257	620	418	69
1465	288	583	477	69
1466	291	606	478	69
1467	197	28	492	69
1468	251	633	511	69
1469	102	196	26	70
1470	67	121	29	70
1471	148	266	91	70
1472	39	250	94	70
1473	94	952	134	70
1474	109	469	137	70
1475	150	453	155	70
1476	162	391	186	70
1477	146	170	201	70
1478	158	435	202	70
1479	156	410	211	70
1480	169	158	226	70
1481	134	973	291	70
1482	195	781	327	70
1483	198	524	382	70
1484	248	499	387	70
1485	233	519	406	70
1486	257	620	418	70
1487	291	583	477	70
1488	281	606	478	70
1489	198	28	492	70
1490	250	633	511	70
1491	101	196	26	71
1492	73	121	29	71
1493	96	952	134	71
1494	106	469	137	71
1495	288	607	159	71
1496	148	453	155	71
1497	158	391	186	71
1498	147	171	201	71
1499	152	435	202	71
1500	158	410	211	71
1501	163	158	226	71
1502	130	973	291	71
1503	195	781	327	71
1504	198	524	382	71
1505	240	499	387	71
1506	233	519	406	71
1507	256	620	418	71
1508	288	584	477	71
1509	287	606	478	71
1510	201	28	492	71
1511	249	633	511	71
1512	104	196	27	72
1513	70	121	29	72
1514	107	601	44	72
1515	92	952	134	72
1516	109	469	137	72
1517	150	453	155	72
1518	159	391	186	72
1519	152	171	201	72
1520	161	435	202	72
1521	150	410	211	72
1522	165	158	226	72
1523	134	973	291	72
1524	197	781	326	72
1525	198	523	382	72
1526	241	499	386	72
1527	224	519	406	72
1528	250	620	418	72
1529	292	583	477	72
1530	286	606	478	72
1531	203	28	492	72
1532	244	633	511	72
1533	99	196	26	73
1534	67	121	29	73
1535	95	952	134	73
1536	110	469	137	73
1537	152	453	155	73
1538	153	391	186	73
1539	152	171	201	73
1540	166	435	202	73
1541	153	410	211	73
1542	165	158	226	73
1543	132	973	291	73
1544	368	631	318	73
1545	75	600	328	73
1546	201	785	336	73
1547	201	523	382	73
1548	239	499	387	73
1549	235	519	405	73
1550	264	620	418	73
1551	289	583	477	73
1552	296	606	478	73
1553	201	28	492	73
1554	250	633	511	73
1555	100	196	26	74
1556	76	121	29	74
1557	135	693	44	74
1558	97	952	134	74
1559	108	469	137	74
1560	153	453	155	74
1561	162	391	186	74
1562	150	171	201	74
1563	158	435	202	74
1564	156	410	211	74
1565	165	158	226	74
1566	128	973	291	74
1567	198	785	336	74
1568	198	524	382	74
1569	244	499	387	74
1570	227	519	406	74
1571	251	620	418	74
1572	288	583	477	74
1573	287	606	478	74
1574	202	28	492	74
1575	246	633	511	74
1576	102	196	26	75
1577	67	121	29	75
1578	93	952	134	75
1579	103	469	137	75
1580	149	453	155	75
1581	158	391	186	75
1582	146	171	201	75
1583	152	435	202	75
1584	157	410	211	75
1585	165	158	226	75
1586	135	973	291	75
1587	204	786	336	75
1588	199	524	382	75
1589	243	500	387	75
1590	235	519	405	75
1591	254	620	418	75
1592	397	933	442	75
1593	287	583	477	75
1594	285	606	478	75
1595	197	28	492	75
1596	248	633	511	75
1597	104	196	26	76
1598	71	121	29	76
1599	217	343	74	76
1600	97	952	134	76
1601	111	469	137	76
1602	148	453	154	76
1603	156	391	186	76
1604	149	171	201	76
1605	154	435	202	76
1606	155	410	211	76
1607	163	158	226	76
1608	131	973	291	76
1609	200	786	336	76
1610	201	524	382	76
1611	239	499	387	76
1612	228	519	405	76
1613	257	620	418	76
1614	288	584	477	76
1615	289	606	478	76
1616	199	28	492	76
1617	248	633	511	76
1618	104	196	26	77
1619	73	121	29	77
1620	95	952	133	77
1621	106	469	137	77
1622	152	453	155	77
1623	159	391	186	77
1624	149	170	201	77
1625	151	435	202	77
1626	157	410	211	77
1627	165	158	226	77
1628	426	465	290	77
1629	133	973	291	77
1630	204	786	336	77
1631	199	524	382	77
1632	243	499	386	77
1633	226	519	405	77
1634	252	620	418	77
1635	285	583	477	77
1636	288	606	478	77
1637	202	28	492	77
1638	243	633	511	77
1639	98	196	26	78
1640	74	121	29	78
1641	282	312	122	78
1642	96	953	133	78
1643	100	468	137	78
1644	151	453	155	78
1645	163	391	186	78
1646	152	171	201	78
1647	154	435	202	78
1648	152	410	211	78
1649	164	158	226	78
1650	127	973	291	78
1651	176	734	375	78
1652	202	524	382	78
1653	239	499	387	78
1654	235	519	405	78
1655	255	620	418	78
1656	292	583	477	78
1657	290	606	478	78
1658	203	28	492	78
1659	250	633	511	78
1660	101	196	26	79
1661	65	121	29	79
1662	92	952	134	79
1663	108	469	137	79
1664	150	453	155	79
1665	161	391	186	79
1666	148	170	201	79
1667	158	435	202	79
1668	155	410	211	79
1669	165	158	226	79
1670	131	973	291	79
1671	424	812	330	79
1672	180	734	375	79
1673	192	524	382	79
1674	243	499	387	79
1675	231	519	405	79
1676	255	620	418	79
1677	289	583	477	79
1678	285	606	478	79
1679	202	28	492	79
1680	253	633	511	79
1681	105	196	26	80
1682	68	121	29	80
1683	94	952	134	80
1684	105	469	137	80
1685	152	453	155	80
1686	164	391	186	80
1687	151	171	201	80
1688	151	435	202	80
1689	154	410	211	80
1690	163	158	226	80
1691	130	973	291	80
1692	177	734	375	80
1693	202	524	382	80
1694	244	499	387	80
1695	446	820	404	80
1696	226	519	405	80
1697	252	620	418	80
1698	289	583	477	80
1699	287	606	478	80
1700	202	28	492	80
1701	248	633	511	80
1702	97	195	26	81
1703	60	121	29	81
1704	90	952	133	81
1705	112	469	137	81
1706	154	453	154	81
1707	157	391	186	81
1708	153	170	201	81
1709	150	435	202	81
1710	153	410	211	81
1711	166	158	226	81
1712	135	973	291	81
1713	196	523	382	81
1714	247	499	387	81
1715	238	617	390	81
1716	228	519	405	81
1717	257	620	418	81
1718	546	237	427	81
1719	30	274	447	81
1720	286	583	477	81
1721	282	606	478	81
1722	199	28	492	81
1723	253	633	511	81
1724	99	196	26	82
1725	70	121	29	82
1726	91	956	132	82
1727	109	469	137	82
1728	149	453	155	82
1729	157	391	186	82
1730	151	170	201	82
1731	154	435	202	82
1732	155	410	211	82
1733	162	158	226	82
1734	136	973	291	82
1735	299	895	382	82
1736	195	524	382	82
1737	243	499	386	82
1738	235	617	390	82
1739	224	519	405	82
1740	259	620	418	82
1741	291	583	477	82
1742	289	606	478	82
1743	200	28	492	82
1744	246	633	511	82
1745	100	196	26	83
1746	65	121	29	83
1747	130	217	71	83
1748	31	205	79	83
1749	95	957	132	83
1750	112	469	137	83
1751	145	453	154	83
1752	167	395	187	83
1753	158	442	200	83
1754	147	170	201	83
1755	163	425	215	83
1756	163	158	226	83
1757	132	973	291	83
1758	202	524	382	83
1759	242	499	386	83
1760	235	617	390	83
1761	229	519	405	83
1762	255	620	418	83
1763	286	583	477	83
1764	290	606	478	83
1765	199	28	492	83
1766	244	633	511	83
1767	98	196	26	84
1768	68	121	29	84
1769	235	543	58	84
1770	94	956	132	84
1771	117	478	159	84
1772	149	450	160	84
1773	169	395	187	84
1774	155	442	200	84
1775	149	171	201	84
1776	159	425	215	84
1777	163	158	226	84
1778	135	973	291	84
1779	197	524	382	84
1780	241	499	386	84
1781	238	614	404	84
1782	228	519	405	84
1783	251	618	428	84
1784	289	583	477	84
1785	290	606	478	84
1786	203	28	492	84
1787	248	633	511	84
1788	98	196	26	85
1789	71	121	29	85
1790	98	956	132	85
1791	116	478	159	85
1792	154	450	160	85
1793	169	395	186	85
1794	149	442	200	85
1795	151	170	201	85
1796	162	425	214	85
1797	165	158	226	85
1798	129	973	291	85
1799	422	746	298	85
1800	199	524	382	85
1801	240	499	387	85
1802	241	614	404	85
1803	227	519	405	85
1804	254	618	428	85
1805	286	584	477	85
1806	288	606	478	85
1807	202	28	492	85
1808	253	633	511	85
1809	102	196	26	86
1810	72	121	29	86
1811	78	956	132	86
1812	119	478	159	86
1813	153	450	160	86
1814	167	395	187	86
1815	156	442	200	86
1816	146	170	201	86
1817	161	425	215	86
1818	163	158	226	86
1819	132	973	290	86
1820	194	524	382	86
1821	243	499	387	86
1822	241	614	404	86
1823	230	519	405	86
1824	252	618	428	86
1825	523	165	439	86
1826	287	583	477	86
1827	281	606	478	86
1828	202	28	492	86
1829	250	633	511	86
1830	102	196	26	87
1831	71	121	29	87
1832	38	445	62	87
1833	190	459	68	87
1834	103	957	132	87
1835	121	478	159	87
1836	155	450	160	87
1837	163	395	186	87
1838	157	442	200	87
1839	148	170	201	87
1840	168	425	215	87
1841	162	158	226	87
1842	130	973	291	87
1843	195	524	382	87
1844	244	499	386	87
1845	243	614	404	87
1846	232	519	405	87
1847	254	618	428	87
1848	290	583	477	87
1849	296	606	478	87
1850	196	28	492	87
1851	249	633	511	87
1852	102	196	26	88
1853	71	121	29	88
1854	92	957	132	88
1855	123	478	159	88
1856	151	450	160	88
1857	159	395	186	88
1858	145	442	200	88
1859	148	170	201	88
1860	155	426	215	88
1861	250	66	224	88
1862	166	158	226	88
1863	133	973	291	88
1864	196	524	382	88
1865	241	499	386	88
1866	246	614	404	88
1867	227	519	405	88
1868	255	618	428	88
1869	291	583	477	88
1870	289	606	478	88
1871	203	28	492	88
1872	242	633	511	88
1873	103	196	26	89
1874	71	121	29	89
1875	128	848	80	89
1876	100	957	133	89
1877	119	478	159	89
1878	154	450	160	89
1879	170	395	187	89
1880	154	442	199	89
1881	147	170	201	89
1882	157	425	214	89
1883	165	158	226	89
1884	133	973	291	89
1885	197	524	382	89
1886	241	499	386	89
1887	245	614	404	89
1888	229	519	405	89
1889	256	618	428	89
1890	286	584	477	89
1891	289	606	478	89
1892	202	28	492	89
1893	248	633	511	89
1894	100	196	26	90
1895	71	121	29	90
1896	98	956	132	90
1897	118	478	159	90
1898	154	450	160	90
1899	169	395	187	90
1900	147	442	199	90
1901	151	170	201	90
1902	162	425	215	90
1903	167	158	226	90
1904	354	222	238	90
1905	136	973	291	90
1906	195	524	382	90
1907	242	499	386	90
1908	245	614	404	90
1909	229	519	405	90
1910	257	618	428	90
1911	286	583	477	90
1912	294	606	478	90
1913	199	28	492	90
1914	252	633	511	90
1915	101	196	26	91
1916	68	121	29	91
1917	100	957	132	91
1918	151	449	160	91
1919	120	478	159	91
1920	164	395	186	91
1921	153	442	200	91
1922	153	170	201	91
1923	155	425	214	91
1924	165	158	226	91
1925	409	308	255	91
1926	137	973	291	91
1927	199	524	382	91
1928	240	499	386	91
1929	240	614	404	91
1930	236	519	405	91
1931	260	618	428	91
1932	292	583	477	91
1933	292	606	478	91
1934	198	28	492	91
1935	247	633	511	91
1936	101	196	26	92
1937	66	121	29	92
1938	187	319	66	92
1939	103	957	132	92
1940	121	478	159	92
1941	153	450	160	92
1942	167	395	187	92
1943	146	442	199	92
1944	147	170	201	92
1945	167	425	214	92
1946	162	158	226	92
1947	131	973	291	92
1948	198	524	382	92
1949	243	500	387	92
1950	244	614	404	92
1951	229	519	405	92
1952	251	618	428	92
1953	288	583	477	92
1954	287	606	478	92
1955	203	28	492	92
1956	241	633	511	92
1957	100	196	26	93
1958	69	121	29	93
1959	84	956	132	93
1960	119	478	159	93
1961	154	450	160	93
1962	167	395	187	93
1963	151	442	200	93
1964	149	171	201	93
1965	163	425	214	93
1966	167	158	226	93
1967	125	973	290	93
1968	192	524	382	93
1969	241	499	386	93
1970	240	614	404	93
1971	235	519	405	93
1972	261	618	428	93
1973	498	112	443	93
1974	292	583	477	93
1975	286	606	478	93
1976	200	28	492	93
1977	252	633	511	93
1978	87	196	26	94
1979	67	121	29	94
1980	94	957	132	94
1981	118	478	159	94
1982	149	450	160	94
1983	172	395	187	94
1984	147	442	199	94
1985	148	170	201	94
1986	159	425	214	94
1987	163	158	226	94
1988	133	973	291	94
1989	193	524	382	94
1990	242	499	386	94
1991	242	614	404	94
1992	232	519	405	94
1993	257	618	428	94
1994	587	440	453	94
1995	290	583	477	94
1996	289	606	478	94
1997	206	28	492	94
1998	247	633	511	94
1999	102	196	26	95
2000	72	121	29	95
2001	83	957	132	95
2002	117	478	159	95
2003	153	450	160	95
2004	165	395	187	95
2005	152	442	199	95
2006	151	171	201	95
2007	160	425	214	95
2008	163	158	226	95
2009	131	973	291	95
2010	200	524	382	95
2011	244	499	387	95
2012	240	614	404	95
2013	227	519	405	95
2014	261	618	428	95
2015	551	322	474	95
2016	291	583	477	95
2017	283	606	478	95
2018	204	14	491	95
2019	253	633	511	95
2020	74	297	510	95
2021	99	196	26	96
2022	72	121	29	96
2023	173	409	86	96
2024	106	957	133	96
2025	112	480	159	96
2026	162	457	162	96
2027	159	395	187	96
2028	141	442	200	96
2029	143	170	201	96
2030	153	425	214	96
2031	163	158	226	96
2032	132	973	291	96
2033	201	524	382	96
2034	240	500	386	96
2035	244	614	404	96
2036	227	519	405	96
2037	262	618	428	96
2038	288	583	477	96
2039	287	606	478	96
2040	199	14	491	96
2041	245	633	511	96
2042	102	196	26	97
2043	69	121	29	97
2044	103	957	132	97
2045	120	481	159	97
2046	160	457	162	97
2047	166	395	186	97
2048	150	442	199	97
2049	139	171	201	97
2050	161	425	215	97
2051	165	158	226	97
2052	131	973	291	97
2053	197	524	382	97
2054	241	499	386	97
2055	244	614	404	97
2056	226	519	405	97
2057	255	618	428	97
2058	293	583	477	97
2059	280	606	478	97
2060	491	196	489	97
2061	199	14	492	97
2062	244	633	511	97
2063	53	174	527	97
2064	102	196	26	98
2065	70	121	29	98
2066	95	956	132	98
2067	115	481	159	98
2068	156	457	162	98
2069	170	395	187	98
2070	153	442	199	98
2071	146	170	201	98
2072	158	425	215	98
2073	166	158	226	98
2074	279	887	268	98
2075	136	973	291	98
2076	197	524	382	98
2077	241	499	386	98
2078	239	614	404	98
2079	233	519	405	98
2080	261	618	428	98
2081	290	583	477	98
2082	296	606	478	98
2083	197	14	492	98
2084	241	633	511	98
2085	97	196	26	99
2086	64	121	29	99
2087	96	956	132	99
2088	115	481	159	99
2089	159	457	162	99
2090	164	395	186	99
2091	149	442	200	99
2092	150	171	201	99
2093	158	425	214	99
2094	165	158	226	99
2095	362	194	262	99
2096	136	973	291	99
2097	196	524	382	99
2098	239	499	387	99
2099	244	614	404	99
2100	235	519	405	99
2101	254	618	428	99
2102	290	583	477	99
2103	291	606	478	99
2104	197	14	492	99
2105	250	633	511	99
2106	96	196	26	100
2107	68	121	29	100
2108	95	223	50	100
2109	96	956	132	100
2110	120	481	159	100
2111	157	457	162	100
2112	165	402	186	100
2113	152	442	200	100
2114	146	170	201	100
2115	158	425	214	100
2116	163	158	226	100
2117	129	973	290	100
2118	199	524	382	100
2119	242	499	387	100
2120	239	614	404	100
2121	222	519	405	100
2122	253	618	428	100
2123	286	583	477	100
2124	283	606	478	100
2125	202	14	491	100
2126	247	633	511	100
2127	98	196	26	101
2128	65	121	28	101
2129	87	957	133	101
2130	111	480	159	101
2131	157	457	162	101
2132	290	558	169	101
2133	160	402	186	101
2134	141	442	200	101
2135	139	170	201	101
2136	156	425	215	101
2137	151	158	226	101
2138	131	973	291	101
2139	182	524	382	101
2140	239	499	387	101
2141	235	614	404	101
2142	221	519	405	101
2143	255	618	428	101
2144	287	584	477	101
2145	279	606	478	101
2146	172	14	492	101
2147	245	633	511	101
2148	96	196	26	102
2149	72	121	29	102
2150	93	957	132	102
2151	108	480	159	102
2152	152	457	162	102
2153	164	402	186	102
2154	147	442	200	102
2155	137	171	201	102
2156	158	425	215	102
2157	154	158	226	102
2158	125	973	290	102
2159	192	524	382	102
2160	238	499	387	102
2161	238	614	404	102
2162	220	519	405	102
2163	252	618	428	102
2164	438	115	465	102
2165	280	584	477	102
2166	283	606	478	102
2167	172	14	492	102
2168	241	633	511	102
2169	95	195	26	103
2170	68	121	29	103
2171	86	241	59	103
2172	96	957	133	103
2173	111	480	159	103
2174	151	457	162	103
2175	156	402	186	103
2176	143	442	199	103
2177	136	171	201	103
2178	155	425	215	103
2179	155	158	226	103
2180	133	973	291	103
2181	177	527	382	103
2182	234	503	389	103
2183	236	614	404	103
2184	210	521	406	103
2185	256	618	428	103
2186	281	583	477	103
2187	283	606	478	103
2188	175	14	492	103
2189	239	633	511	103
2190	99	196	26	104
2191	66	121	29	104
2192	95	957	132	104
2193	111	480	159	104
2194	156	457	162	104
2195	150	409	177	104
2196	131	453	190	104
2197	149	431	191	104
2198	145	147	209	104
2199	157	150	231	104
2200	131	973	291	104
2201	471	310	332	104
2202	177	527	382	104
2203	233	503	389	104
2204	237	614	404	104
2205	216	521	406	104
2206	247	618	428	104
2207	282	584	477	104
2208	286	606	478	104
2209	173	14	492	104
2210	245	633	511	104
2211	96	196	26	105
2212	66	121	29	105
2213	93	957	132	105
2214	108	480	159	105
2215	146	457	162	105
2216	149	409	177	105
2217	139	453	189	105
2218	144	431	192	105
2219	140	145	196	105
2220	144	120	204	105
2221	124	973	291	105
2222	183	527	382	105
2223	232	503	388	105
2224	235	614	404	105
2225	212	521	406	105
2226	543	304	426	105
2227	256	618	428	105
2228	279	584	477	105
2229	281	606	478	105
2230	175	14	492	105
2231	245	633	511	105
2232	97	196	26	106
2233	63	121	28	106
2234	89	957	133	106
2235	113	481	159	106
2236	150	457	162	106
2237	157	409	177	106
2238	138	453	190	106
2239	141	431	191	106
2240	147	145	196	106
2241	148	120	204	106
2242	362	696	216	106
2243	55	720	244	106
2244	123	973	290	106
2245	177	527	382	106
2246	232	503	388	106
2247	234	614	404	106
2248	211	521	406	106
2249	250	618	428	106
2250	280	584	477	106
2251	282	606	478	106
2252	176	14	492	106
2253	244	633	511	106
2254	99	196	26	107
2255	69	121	29	107
2256	119	796	54	107
2257	86	956	132	107
2258	109	481	159	107
2259	154	457	162	107
2260	153	409	177	107
2261	137	453	190	107
2262	141	431	192	107
2263	148	145	196	107
2264	146	120	204	107
2265	132	973	291	107
2266	193	525	380	107
2267	230	502	389	107
2268	233	615	404	107
2269	218	521	406	107
2270	252	618	428	107
2271	282	584	477	107
2272	283	606	478	107
2273	175	14	492	107
2274	247	633	511	107
2275	94	196	26	108
2276	69	121	29	108
2277	90	957	132	108
2278	109	481	159	108
2279	153	457	162	108
2280	155	409	177	108
2281	135	453	190	108
2282	143	431	191	108
2283	152	145	196	108
2284	144	120	204	108
2285	413	267	294	108
2286	128	973	291	108
2287	194	522	383	108
2288	248	499	391	108
2289	240	614	404	108
2290	223	520	408	108
2291	253	618	428	108
2292	282	584	477	108
2293	279	606	478	108
2294	171	14	492	108
2295	248	633	511	108
2296	100	196	26	109
2297	66	121	29	109
2298	214	536	75	109
2299	98	956	133	109
2300	109	480	159	109
2301	152	457	162	109
2302	148	409	176	109
2303	138	453	190	109
2304	147	431	191	109
2305	151	145	196	109
2306	142	120	204	109
2307	129	973	291	109
2308	196	522	383	109
2309	247	499	391	109
2310	239	614	404	109
2311	223	520	408	109
2312	246	618	428	109
2313	284	584	477	109
2314	283	606	478	109
2315	176	14	492	109
2316	245	633	511	109
2317	98	196	26	110
2318	65	121	29	110
2319	98	956	133	110
2320	110	480	159	110
2321	149	457	162	110
2322	152	409	177	110
2323	133	453	189	110
2324	140	431	192	110
2325	148	145	196	110
2326	143	120	204	110
2327	133	973	291	110
2328	384	137	379	110
2329	196	522	383	110
2330	244	499	391	110
2331	236	614	404	110
2332	224	520	408	110
2333	253	618	428	110
2334	281	584	477	110
2335	286	606	478	110
2336	167	14	491	110
2337	240	633	511	110
